spawn:
  world: world
  x: -430.7483480261929
  y: 121.41231886101231
  z: -8.702649978522988
  yaw: 32.38044
  pitch: 30.299576
