spawn:
  world: world
  x: 0.6398177289961637
  y: 87.0
  z: 0.5017441338672852
  yaw: -5.3199434
  pitch: 17.399261
