spawn:
  world: world
  x: 4.343202218546514
  y: 63.0
  z: -26.07900469559292
  yaw: -52.018417
  pitch: 24.37859
