spawn:
  world: world
  x: -491.6821559726654
  y: 144.0
  z: 48.47216642928173
  yaw: -133.21136
  pitch: 33.7502
