spawn:
  world: world
  x: 50.58275754543395
  y: 56.0
  z: 102.88134046181332
  yaw: -99.95654
  pitch: 20.699474
firstspawn:
  world: world
  x: -0.8434815796701157
  y: 57.0
  z: 123.6415565945381
  yaw: -1.2575073
  pitch: 17.399483
