world: cc86c9b0-7439-49ea-ab13-891eb84dafb2
world-name: world
x: -433.4243155148237
y: 123.0
z: -5.878308283194158
yaw: 139.77369689941406
pitch: 44.98807144165039
name: sasd
lastowner: 3d5adfea-d973-37c0-bcdc-a42c34be5b7b
